# gpu    pwr  gtemp  mtemp     sm    mem    enc    dec    jpg    ofa   mclk   pclk     fb   bar1   ccpm 
# Idx      W      C      C      %      %      %      %      %      %    MHz    MHz     MB     MB     MB 
    0    115     47      -     85     53      0      0      0      0  13801   2632   7415     32      0 
    0    114     50      -     99     30      0      0      0      0  13801   2565   7415     32      0 
    0    125     46      -     86     53      0      0      0      0  13801   2565   7415     32      0 
    0    123     47      -     86     53      0      0      0      0  13801   2565   7415     32      0 
    0    124     46      -     86     47      0      0      0      0  13801   2565   7415     32      0 
    0    125     46      -     85     52      0      0      0      0  13801   2565   7415     32      0 
    0    113     46      -     84     52      0      0      0      0  13801   2632   7415     32      0 
    0    116     46      -     85     53      0      0      0      0  13801   2565   7415     32      0 
    0    117     46      -     85     52      0      0      0      0  13801   2565   7415     32      0 
    0    113     46      -     85     53      0      0      0      0  13801   2565   7415     32      0 
    0    116     46      -     85     53      0      0      0      0  13801   2565   7415     32      0 
    0    111     46      -     85     52      0      0      0      0  13801   2565   7415     32      0 
    0    111     46      -     85     53      0      0      0      0  13801   2565   7415     32      0 
    0    124     46      -     85     53      0      0      0      0  13801   2565   7415     32      0 
    0    129     50      -     96     30      0      0      0      0  13801   2565   7415     32      0 
    0    132     48      -     89     47      0      0      0      0  13801   2565   7415     32      0 
    0    131     47      -     86     53      0      0      0      0  13801   2565   7415     32      0 
    0    130     47      -     86     53      0      0      0      0  13801   2565   7415     32      0 
    0    131     47      -     86     53      0      0      0      0  13801   2565   7415     32      0 
    0    123     47      -     87     49      0      0      0      0  13801   2565   7415     32      0 
    0    125     47      -     86     53      0      0      0      0  13801   2565   7415     32      0 
    0    116     47      -     86     53      0      0      0      0  13801   2580   7415     32      0 
    0    129     51      -     99     30      0      0      0      0  13801   2565   7415     32      0 
    0    115     45      -     97     13      0      0      0      0  13801   2565   7415     32      0 
    0    114     47      -     86     53      0      0      0      0  13801   2565   7415     32      0 
    0    115     47      -     86     52      0      0      0      0  13801   2565   7415     32      0 
    0    122     47      -     86     53      0      0      0      0  13801   2565   7415     32      0 
    0    115     47      -     86     53      0      0      0      0  13801   2565   7415     32      0 
    0    115     47      -     86     53      0      0      0      0  13801   2565   7415     32      0 
    0    115     47      -     91     43      0      0      0      0  13801   2572   7415     32      0 
    0    124     47      -     86     53      0      0      0      0  13801   2565   7415     32      0 
    0    129     47      -     86     53      0      0      0      0  13801   2565   7415     32      0 
    0    128     47      -     86     53      0      0      0      0  13801   2565   7415     32      0 
    0    129     47      -     86     53      0      0      0      0  13801   2565   7415     32      0 
    0    127     47      -     85     52      0      0      0      0  13801   2565   7415     32      0 
    0    114     46      -     96     19      0      0      0      0  13801   2565   7415     32      0 
    0    118     47      -     86     53      0      0      0      0  13801   2565   7415     32      0 
    0    114     47      -     85     53      0      0      0      0  13801   2580   7415     32      0 
    0    115     47      -     85     52      0      0      0      0  13801   2587   7415     32      0 
    0    114     47      -     85     52      0      0      0      0  13801   2565   7415     32      0 
    0    118     47      -     86     53      0      0      0      0  13801   2565   7415     32      0 
    0    115     47      -     85     52      0      0      0      0  13801   2587   7415     32      0 
    0    115     47      -     85     53      0      0      0      0  13801   2647   7415     32      0 
    0    109     47      -     98     11      0      0      0      0  13801   2565   7415     32      0 
# gpu    pwr  gtemp  mtemp     sm    mem    enc    dec    jpg    ofa   mclk   pclk     fb   bar1   ccpm 
# Idx      W      C      C      %      %      %      %      %      %    MHz    MHz     MB     MB     MB 
    0    135     50      -     95     36      0      0      0      0  13801   2565   7415     32      0 
    0    132     48      -     86     53      0      0      0      0  13801   2565   7415     32      0 
    0    128     48      -     86     53      0      0      0      0  13801   2565   7415     32      0 
    0    123     47      -     86     53      0      0      0      0  13801   2565   7415     32      0 
    0    117     48      -     85     53      0      0      0      0  13801   2632   7415     32      0 
    0    124     47      -     86     53      0      0      0      0  13801   2565   7415     32      0 
    0    124     47      -     86     53      0      0      0      0  13801   2565   7415     32      0 
    0    132     47      -     85     53      0      0      0      0  13801   2565   7415     32      0 
    0    130     47      -     86     53      0      0      0      0  13801   2565   7415     32      0 
    0    130     48      -     86     53      0      0      0      0  13801   2565   7415     32      0 
    0    131     48      -     86     53      0      0      0      0  13801   2565   7415     32      0 
    0    131     48      -     86     53      0      0      0      0  13801   2565   7415     32      0 
    0    131     48      -     86     53      0      0      0      0  13801   2565   7415     32      0 
    0    133     48      -     86     53      0      0      0      0  13801   2565   7415     32      0 
    0    131     48      -     87     46      0      0      0      0  13801   2565   7415     32      0 
    0    135     51      -     93     36      0      0      0      0  13801   2565   7415     32      0 
    0    137     51      -     99     31      0      0      0      0  13801   2565   7415     32      0 
    0    140     52      -     96     36      0      0      0      0  13801   2565   7415     32      0 
    0    134     49      -     82     56      0      0      0      0  13801   2565   7415     32      0 
    0    133     48      -     85     52      0      0      0      0  13801   2565   7415     32      0 
    0    124     48      -     85     53      0      0      0      0  13801   2565   7415     32      0 
    0    116     47      -     85     53      0      0      0      0  13801   2565   7415     32      0 
    0    109     46      -    100      3      0      0      0      0  13801   2565   7415     32      0 
    0    119     47      -     85     53      0      0      0      0  13801   2565   7415     32      0 
    0    113     48      -     85     53      0      0      0      0  13801   2632   7415     32      0 
    0    140     49      -     86     44      0      0      0      0  13801   2565   7415     32      0 
    0    130     49      -     98      6      0      0      0      0  13801   2565   7415     32      0 
    0    125     48      -     98     12      0      0      0      0  13801   2565   7415     32      0 
    0    117     48      -     86     53      0      0      0      0  13801   2602   7415     32      0 
    0    125     48      -     86     53      0      0      0      0  13801   2565   7415     32      0 
    0    119     48      -     85     53      0      0      0      0  13801   2565   7415     32      0 
    0    117     48      -    100      2      0      0      0      0  13801   2565   7415     32      0 
    0    116     51      -     86     53      0      0      0      0  13801   2595   7415     32      0 
    0    130     48      -     91     44      0      0      0      0  13801   2565   7415     32      0 
    0    129     49      -     86     53      0      0      0      0  13801   2565   7415     32      0 
    0    130     49      -     83     57      0      0      0      0  13801   2565   7415     32      0 
    0    134     52      -     92     37      0      0      0      0  13801   2565   7415     32      0 
    0    130     49      -     95     35      0      0      0      0  13801   2565   7415     32      0 
    0    129     48      -     85     52      0      0      0      0  13801   2565   7415     32      0 
    0    129     48      -     88     43      0      0      0      0  13801   2565   7415     32      0 
    0    114     48      -    100      1      0      0      0      0  13801   2565   7415     32      0 
    0    114     51      -     86     53      0      0      0      0  13801   2587   7415     32      0 
    0    123     48      -     86     53      0      0      0      0  13801   2565   7415     32      0 
    0    115     48      -     98     29      0      0      0      0  13801   2565   7415     32      0 
# gpu    pwr  gtemp  mtemp     sm    mem    enc    dec    jpg    ofa   mclk   pclk     fb   bar1   ccpm 
# Idx      W      C      C      %      %      %      %      %      %    MHz    MHz     MB     MB     MB 
    0    122     48      -     85     52      0      0      0      0  13801   2565   7415     32      0 
    0    114     48      -     92     41      0      0      0      0  13801   2565   7415     32      0 
    0    115     48      -     86     53      0      0      0      0  13801   2632   7415     32      0 
    0    130     49      -     89     40      0      0      0      0  13801   2565   7415     32      0 
    0    128     48      -     89     46      0      0      0      0  13801   2565   7415     32      0 
    0    129     49      -     85     52      0      0      0      0  13801   2565   7415     32      0 
    0    129     50      -     97     28      0      0      0      0  13801   2565   7415     32      0 
    0    131     49      -     87     50      0      0      0      0  13801   2565   7415     32      0 
    0    129     48      -     88     41      0      0      0      0  13801   2632   7415     32      0 
    0    117     48      -     85     53      0      0      0      0  13801   2625   7415     32      0 
    0    130     49      -     86     53      0      0      0      0  13801   2565   7415     32      0 
    0    133     49      -     86     52      0      0      0      0  13801   2565   7415     32      0 
    0    131     49      -     86     53      0      0      0      0  13801   2565   7415     32      0 
    0    141     50      -     98     34      0      0      0      0  13801   2565   7415     32      0 
    0    133     49      -     91     44      0      0      0      0  13801   2565   7415     32      0 
    0    133     49      -     86     53      0      0      0      0  13801   2565   7415     32      0 
    0    134     49      -     86     53      0      0      0      0  13801   2565   7415     32      0 
    0     42     44      -      0      0      0      0      0      0  13801   2565    390     30      0 
    0     38     44      -      0      0      0      0      0      0   7001   1590    390     30      0 
    0     25     43      -      0      0      0      0      0      0   7001    457    390     30      0 
    0     25     43      -      0      0      0      0      0      0   7001    285    390     30      0 
    0     25     43      -      0      0      0      0      0      0   7001    180    390     30      0 
    0     25     42      -      0      0      0      0      0      0   7001    180    390     30      0 
    0     25     42      -      0      0      0      0      0      0   7001    180    390     30      0 
    0     19     42      -      0      0      0      0      0      0    810    187    390     30      0 
    0     11     42      -      0      0      0      0      0      0    810    180    390     30      0 
    0     11     42      -      0      0      0      0      0      0    810    180    390     30      0 
    0      9     41      -      0      0      0      0      0      0    405    180    390     30      0 
    0      9     41      -      0      0      0      0      0      0    405    180    390     30      0 
    0      9     41      -      0      0      0      0      0      0    405    180    390     30      0 
    0      9     41      -      0      0      0      0      0      0    405    180    390     30      0 
    0      9     41      -      0      0      0      0      0      0    405    180    390     30      0 
    0      9     41      -      0      0      0      0      0      0    405    180    390     30      0 
