Linux 7.0.0-31-generic (HELIOS) 	09/12/2026 	_x86_64_	(32 CPU)

08:40:44 PM  CPU    %usr   %nice    %sys %iowait    %irq   %soft  %steal  %guest  %gnice   %idle
08:40:45 PM  all   97.75    0.00    0.09    0.00    0.00    0.00    0.00    0.00    0.00    2.16
08:40:45 PM    0  100.00    0.00    0.00    0.00    0.00    0.00    0.00    0.00    0.00    0.00
08:40:45 PM    1   99.00    0.00    1.00    0.00    0.00    0.00    0.00    0.00    0.00    0.00
08:40:45 PM    2  100.00    0.00    0.00    0.00    0.00    0.00    0.00    0.00    0.00    0.00
08:40:45 PM    3  100.00    0.00    0.00    0.00    0.00    0.00    0.00    0.00    0.00    0.00
08:40:45 PM    4  100.00    0.00    0.00    0.00    0.00    0.00    0.00    0.00    0.00    0.00
08:40:45 PM    5  100.00    0.00    0.00    0.00    0.00    0.00    0.00    0.00    0.00    0.00
08:40:45 PM    6  100.00    0.00    0.00    0.00    0.00    0.00    0.00    0.00    0.00    0.00
08:40:45 PM    7  100.00    0.00    0.00    0.00    0.00    0.00    0.00    0.00    0.00    0.00
08:40:45 PM    8  100.00    0.00    0.00    0.00    0.00    0.00    0.00    0.00    0.00    0.00
08:40:45 PM    9  100.00    0.00    0.00    0.00    0.00    0.00    0.00    0.00    0.00    0.00
08:40:45 PM   10  100.00    0.00    0.00    0.00    0.00    0.00    0.00    0.00    0.00    0.00
08:40:45 PM   11  100.00    0.00    0.00    0.00    0.00    0.00    0.00    0.00    0.00    0.00
08:40:45 PM   12  100.00    0.00    0.00    0.00    0.00    0.00    0.00    0.00    0.00    0.00
08:40:45 PM   13  100.00    0.00    0.00    0.00    0.00    0.00    0.00    0.00    0.00    0.00
08:40:45 PM   14  100.00    0.00    0.00    0.00    0.00    0.00    0.00    0.00    0.00    0.00
08:40:45 PM   15   31.00    0.00    0.00    0.00    0.00    0.00    0.00    0.00    0.00   69.00
08:40:45 PM   16  100.00    0.00    0.00    0.00    0.00    0.00    0.00    0.00    0.00    0.00
08:40:45 PM   17  100.00    0.00    0.00    0.00    0.00    0.00    0.00    0.00    0.00    0.00
08:40:45 PM   18  100.00    0.00    0.00    0.00    0.00    0.00    0.00    0.00    0.00    0.00
08:40:45 PM   19  100.00    0.00    0.00    0.00    0.00    0.00    0.00    0.00    0.00    0.00
08:40:45 PM   20  100.00    0.00    0.00    0.00    0.00    0.00    0.00    0.00    0.00    0.00
08:40:45 PM   21  100.00    0.00    0.00    0.00    0.00    0.00    0.00    0.00    0.00    0.00
08:40:45 PM   22  100.00    0.00    0.00    0.00    0.00    0.00    0.00    0.00    0.00    0.00
08:40:45 PM   23  100.00    0.00    0.00    0.00    0.00    0.00    0.00    0.00    0.00    0.00
08:40:45 PM   24   99.01    0.00    0.99    0.00    0.00    0.00    0.00    0.00    0.00    0.00
08:40:45 PM   25  100.00    0.00    0.00    0.00    0.00    0.00    0.00    0.00    0.00    0.00
08:40:45 PM   26  100.00    0.00    0.00    0.00    0.00    0.00    0.00    0.00    0.00    0.00
08:40:45 PM   27  100.00    0.00    0.00    0.00    0.00    0.00    0.00    0.00    0.00    0.00
08:40:45 PM   28  100.00    0.00    0.00    0.00    0.00    0.00    0.00    0.00    0.00    0.00
08:40:45 PM   29  100.00    0.00    0.00    0.00    0.00    0.00    0.00    0.00    0.00    0.00
08:40:45 PM   30   99.01    0.00    0.99    0.00    0.00    0.00    0.00    0.00    0.00    0.00
08:40:45 PM   31  100.00    0.00    0.00    0.00    0.00    0.00    0.00    0.00    0.00    0.00

08:40:45 PM  CPU    %usr   %nice    %sys %iowait    %irq   %soft  %steal  %guest  %gnice   %idle
08:40:46 PM  all   99.81    0.00    0.19    0.00    0.00    0.00    0.00    0.00    0.00    0.00
08:40:46 PM    0   99.00    0.00    1.00    0.00    0.00    0.00    0.00    0.00    0.00    0.00
08:40:46 PM    1  100.00    0.00    0.00    0.00    0.00    0.00    0.00    0.00    0.00    0.00
08:40:46 PM    2  100.00    0.00    0.00    0.00    0.00    0.00    0.00    0.00    0.00    0.00
08:40:46 PM    3  100.00    0.00    0.00    0.00    0.00    0.00    0.00    0.00    0.00    0.00
08:40:46 PM    4  100.00    0.00    0.00    0.00    0.00    0.00    0.00    0.00    0.00    0.00
08:40:46 PM    5  100.00    0.00    0.00    0.00    0.00    0.00    0.00    0.00    0.00    0.00
08:40:46 PM    6  100.00    0.00    0.00    0.00    0.00    0.00    0.00    0.00    0.00    0.00
08:40:46 PM    7  100.00    0.00    0.00    0.00    0.00    0.00    0.00    0.00    0.00    0.00
08:40:46 PM    8  100.00    0.00    0.00    0.00    0.00    0.00    0.00    0.00    0.00    0.00
08:40:46 PM    9  100.00    0.00    0.00    0.00    0.00    0.00    0.00    0.00    0.00    0.00
08:40:46 PM   10   99.00    0.00    1.00    0.00    0.00    0.00    0.00    0.00    0.00    0.00
08:40:46 PM   11  100.00    0.00    0.00    0.00    0.00    0.00    0.00    0.00    0.00    0.00
08:40:46 PM   12  100.00    0.00    0.00    0.00    0.00    0.00    0.00    0.00    0.00    0.00
08:40:46 PM   13  100.00    0.00    0.00    0.00    0.00    0.00    0.00    0.00    0.00    0.00
08:40:46 PM   14  100.00    0.00    0.00    0.00    0.00    0.00    0.00    0.00    0.00    0.00
08:40:46 PM   15  100.00    0.00    0.00    0.00    0.00    0.00    0.00    0.00    0.00    0.00
08:40:46 PM   16   99.00    0.00    1.00    0.00    0.00    0.00    0.00    0.00    0.00    0.00
08:40:46 PM   17  100.00    0.00    0.00    0.00    0.00    0.00    0.00    0.00    0.00    0.00
08:40:46 PM   18  100.00    0.00    0.00    0.00    0.00    0.00    0.00    0.00    0.00    0.00
08:40:46 PM   19  100.00    0.00    0.00    0.00    0.00    0.00    0.00    0.00    0.00    0.00
08:40:46 PM   20  100.00    0.00    0.00    0.00    0.00    0.00    0.00    0.00    0.00    0.00
08:40:46 PM   21  100.00    0.00    0.00    0.00    0.00    0.00    0.00    0.00    0.00    0.00
08:40:46 PM   22  100.00    0.00    0.00    0.00    0.00    0.00    0.00    0.00    0.00    0.00
08:40:46 PM   23  100.00    0.00    0.00    0.00    0.00    0.00    0.00    0.00    0.00    0.00
08:40:46 PM   24   98.99    0.00    1.01    0.00    0.00    0.00    0.00    0.00    0.00    0.00
08:40:46 PM   25  100.00    0.00    0.00    0.00    0.00    0.00    0.00    0.00    0.00    0.00
08:40:46 PM   26   99.00    0.00    1.00    0.00    0.00    0.00    0.00    0.00    0.00    0.00
08:40:46 PM   27  100.00    0.00    0.00    0.00    0.00    0.00    0.00    0.00    0.00    0.00
08:40:46 PM   28   99.00    0.00    1.00    0.00    0.00    0.00    0.00    0.00    0.00    0.00
08:40:46 PM   29  100.00    0.00    0.00    0.00    0.00    0.00    0.00    0.00    0.00    0.00
08:40:46 PM   30  100.00    0.00    0.00    0.00    0.00    0.00    0.00    0.00    0.00    0.00
08:40:46 PM   31  100.00    0.00    0.00    0.00    0.00    0.00    0.00    0.00    0.00    0.00

08:40:46 PM  CPU    %usr   %nice    %sys %iowait    %irq   %soft  %steal  %guest  %gnice   %idle
08:40:47 PM  all   99.91    0.00    0.03    0.00    0.00    0.00    0.00    0.00    0.00    0.06
08:40:47 PM    0  100.00    0.00    0.00    0.00    0.00    0.00    0.00    0.00    0.00    0.00
08:40:47 PM    1  100.00    0.00    0.00    0.00    0.00    0.00    0.00    0.00    0.00    0.00
08:40:47 PM    2   98.00    0.00    0.00    0.00    0.00    0.00    0.00    0.00    0.00    2.00
08:40:47 PM    3  100.00    0.00    0.00    0.00    0.00    0.00    0.00    0.00    0.00    0.00
08:40:47 PM    4  100.00    0.00    0.00    0.00    0.00    0.00    0.00    0.00    0.00    0.00
08:40:47 PM    5  100.00    0.00    0.00    0.00    0.00    0.00    0.00    0.00    0.00    0.00
08:40:47 PM    6  100.00    0.00    0.00    0.00    0.00    0.00    0.00    0.00    0.00    0.00
08:40:47 PM    7  100.00    0.00    0.00    0.00    0.00    0.00    0.00    0.00    0.00    0.00
08:40:47 PM    8  100.00    0.00    0.00    0.00    0.00    0.00    0.00    0.00    0.00    0.00
08:40:47 PM    9  100.00    0.00    0.00    0.00    0.00    0.00    0.00    0.00    0.00    0.00
08:40:47 PM   10  100.00    0.00    0.00    0.00    0.00    0.00    0.00    0.00    0.00    0.00
08:40:47 PM   11  100.00    0.00    0.00    0.00    0.00    0.00    0.00    0.00    0.00    0.00
08:40:47 PM   12  100.00    0.00    0.00    0.00    0.00    0.00    0.00    0.00    0.00    0.00
08:40:47 PM   13  100.00    0.00    0.00    0.00    0.00    0.00    0.00    0.00    0.00    0.00
08:40:47 PM   14  100.00    0.00    0.00    0.00    0.00    0.00    0.00    0.00    0.00    0.00
08:40:47 PM   15  100.00    0.00    0.00    0.00    0.00    0.00    0.00    0.00    0.00    0.00
08:40:47 PM   16  100.00    0.00    0.00    0.00    0.00    0.00    0.00    0.00    0.00    0.00
08:40:47 PM   17  100.00    0.00    0.00    0.00    0.00    0.00    0.00    0.00    0.00    0.00
08:40:47 PM   18  100.00    0.00    0.00    0.00    0.00    0.00    0.00    0.00    0.00    0.00
08:40:47 PM   19  100.00    0.00    0.00    0.00    0.00    0.00    0.00    0.00    0.00    0.00
08:40:47 PM   20  100.00    0.00    0.00    0.00    0.00    0.00    0.00    0.00    0.00    0.00
08:40:47 PM   21  100.00    0.00    0.00    0.00    0.00    0.00    0.00    0.00    0.00    0.00
08:40:47 PM   22   99.01    0.00    0.99    0.00    0.00    0.00    0.00    0.00    0.00    0.00
08:40:47 PM   23  100.00    0.00    0.00    0.00    0.00    0.00    0.00    0.00    0.00    0.00
08:40:47 PM   24  100.00    0.00    0.00    0.00    0.00    0.00    0.00    0.00    0.00    0.00
08:40:47 PM   25  100.00    0.00    0.00    0.00    0.00    0.00    0.00    0.00    0.00    0.00
08:40:47 PM   26  100.00    0.00    0.00    0.00    0.00    0.00    0.00    0.00    0.00    0.00
08:40:47 PM   27  100.00    0.00    0.00    0.00    0.00    0.00    0.00    0.00    0.00    0.00
08:40:47 PM   28  100.00    0.00    0.00    0.00    0.00    0.00    0.00    0.00    0.00    0.00
08:40:47 PM   29  100.00    0.00    0.00    0.00    0.00    0.00    0.00    0.00    0.00    0.00
08:40:47 PM   30  100.00    0.00    0.00    0.00    0.00    0.00    0.00    0.00    0.00    0.00
08:40:47 PM   31  100.00    0.00    0.00    0.00    0.00    0.00    0.00    0.00    0.00    0.00

08:40:47 PM  CPU    %usr   %nice    %sys %iowait    %irq   %soft  %steal  %guest  %gnice   %idle
08:40:48 PM  all  100.00    0.00    0.00    0.00    0.00    0.00    0.00    0.00    0.00    0.00
08:40:48 PM    0  100.00    0.00    0.00    0.00    0.00    0.00    0.00    0.00    0.00    0.00
08:40:48 PM    1  100.00    0.00    0.00    0.00    0.00    0.00    0.00    0.00    0.00    0.00
08:40:48 PM    2  100.00    0.00    0.00    0.00    0.00    0.00    0.00    0.00    0.00    0.00
08:40:48 PM    3  100.00    0.00    0.00    0.00    0.00    0.00    0.00    0.00    0.00    0.00
08:40:48 PM    4  100.00    0.00    0.00    0.00    0.00    0.00    0.00    0.00    0.00    0.00
08:40:48 PM    5  100.00    0.00    0.00    0.00    0.00    0.00    0.00    0.00    0.00    0.00
08:40:48 PM    6  100.00    0.00    0.00    0.00    0.00    0.00    0.00    0.00    0.00    0.00
08:40:48 PM    7  100.00    0.00    0.00    0.00    0.00    0.00    0.00    0.00    0.00    0.00
08:40:48 PM    8  100.00    0.00    0.00    0.00    0.00    0.00    0.00    0.00    0.00    0.00
08:40:48 PM    9  100.00    0.00    0.00    0.00    0.00    0.00    0.00    0.00    0.00    0.00
08:40:48 PM   10  100.00    0.00    0.00    0.00    0.00    0.00    0.00    0.00    0.00    0.00
08:40:48 PM   11  100.00    0.00    0.00    0.00    0.00    0.00    0.00    0.00    0.00    0.00
08:40:48 PM   12  100.00    0.00    0.00    0.00    0.00    0.00    0.00    0.00    0.00    0.00
08:40:48 PM   13  100.00    0.00    0.00    0.00    0.00    0.00    0.00    0.00    0.00    0.00
08:40:48 PM   14  100.00    0.00    0.00    0.00    0.00    0.00    0.00    0.00    0.00    0.00
08:40:48 PM   15  100.00    0.00    0.00    0.00    0.00    0.00    0.00    0.00    0.00    0.00
08:40:48 PM   16  100.00    0.00    0.00    0.00    0.00    0.00    0.00    0.00    0.00    0.00
08:40:48 PM   17  100.00    0.00    0.00    0.00    0.00    0.00    0.00    0.00    0.00    0.00
08:40:48 PM   18  100.00    0.00    0.00    0.00    0.00    0.00    0.00    0.00    0.00    0.00
08:40:48 PM   19  100.00    0.00    0.00    0.00    0.00    0.00    0.00    0.00    0.00    0.00
08:40:48 PM   20  100.00    0.00    0.00    0.00    0.00    0.00    0.00    0.00    0.00    0.00
08:40:48 PM   21  100.00    0.00    0.00    0.00    0.00    0.00    0.00    0.00    0.00    0.00
08:40:48 PM   22  100.00    0.00    0.00    0.00    0.00    0.00    0.00    0.00    0.00    0.00
08:40:48 PM   23  100.00    0.00    0.00    0.00    0.00    0.00    0.00    0.00    0.00    0.00
08:40:48 PM   24  100.00    0.00    0.00    0.00    0.00    0.00    0.00    0.00    0.00    0.00
08:40:48 PM   25  100.00    0.00    0.00    0.00    0.00    0.00    0.00    0.00    0.00    0.00
08:40:48 PM   26  100.00    0.00    0.00    0.00    0.00    0.00    0.00    0.00    0.00    0.00
08:40:48 PM   27  100.00    0.00    0.00    0.00    0.00    0.00    0.00    0.00    0.00    0.00
08:40:48 PM   28  100.00    0.00    0.00    0.00    0.00    0.00    0.00    0.00    0.00    0.00
08:40:48 PM   29  100.00    0.00    0.00    0.00    0.00    0.00    0.00    0.00    0.00    0.00
08:40:48 PM   30  100.00    0.00    0.00    0.00    0.00    0.00    0.00    0.00    0.00    0.00
08:40:48 PM   31  100.00    0.00    0.00    0.00    0.00    0.00    0.00    0.00    0.00    0.00

08:40:48 PM  CPU    %usr   %nice    %sys %iowait    %irq   %soft  %steal  %guest  %gnice   %idle
08:40:49 PM  all  100.00    0.00    0.00    0.00    0.00    0.00    0.00    0.00    0.00    0.00
08:40:49 PM    0  100.00    0.00    0.00    0.00    0.00    0.00    0.00    0.00    0.00    0.00
08:40:49 PM    1  100.00    0.00    0.00    0.00    0.00    0.00    0.00    0.00    0.00    0.00
08:40:49 PM    2  100.00    0.00    0.00    0.00    0.00    0.00    0.00    0.00    0.00    0.00
08:40:49 PM    3  100.00    0.00    0.00    0.00    0.00    0.00    0.00    0.00    0.00    0.00
08:40:49 PM    4  100.00    0.00    0.00    0.00    0.00    0.00    0.00    0.00    0.00    0.00
08:40:49 PM    5  100.00    0.00    0.00    0.00    0.00    0.00    0.00    0.00    0.00    0.00
08:40:49 PM    6  100.00    0.00    0.00    0.00    0.00    0.00    0.00    0.00    0.00    0.00
08:40:49 PM    7  100.00    0.00    0.00    0.00    0.00    0.00    0.00    0.00    0.00    0.00
08:40:49 PM    8  100.00    0.00    0.00    0.00    0.00    0.00    0.00    0.00    0.00    0.00
08:40:49 PM    9  100.00    0.00    0.00    0.00    0.00    0.00    0.00    0.00    0.00    0.00
08:40:49 PM   10  100.00    0.00    0.00    0.00    0.00    0.00    0.00    0.00    0.00    0.00
08:40:49 PM   11  100.00    0.00    0.00    0.00    0.00    0.00    0.00    0.00    0.00    0.00
08:40:49 PM   12  100.00    0.00    0.00    0.00    0.00    0.00    0.00    0.00    0.00    0.00
08:40:49 PM   13  100.00    0.00    0.00    0.00    0.00    0.00    0.00    0.00    0.00    0.00
08:40:49 PM   14  100.00    0.00    0.00    0.00    0.00    0.00    0.00    0.00    0.00    0.00
08:40:49 PM   15  100.00    0.00    0.00    0.00    0.00    0.00    0.00    0.00    0.00    0.00
08:40:49 PM   16  100.00    0.00    0.00    0.00    0.00    0.00    0.00    0.00    0.00    0.00
08:40:49 PM   17  100.00    0.00    0.00    0.00    0.00    0.00    0.00    0.00    0.00    0.00
08:40:49 PM   18  100.00    0.00    0.00    0.00    0.00    0.00    0.00    0.00    0.00    0.00
08:40:49 PM   19  100.00    0.00    0.00    0.00    0.00    0.00    0.00    0.00    0.00    0.00
08:40:49 PM   20  100.00    0.00    0.00    0.00    0.00    0.00    0.00    0.00    0.00    0.00
08:40:49 PM   21  100.00    0.00    0.00    0.00    0.00    0.00    0.00    0.00    0.00    0.00
08:40:49 PM   22  100.00    0.00    0.00    0.00    0.00    0.00    0.00    0.00    0.00    0.00
08:40:49 PM   23  100.00    0.00    0.00    0.00    0.00    0.00    0.00    0.00    0.00    0.00
08:40:49 PM   24  100.00    0.00    0.00    0.00    0.00    0.00    0.00    0.00    0.00    0.00
08:40:49 PM   25  100.00    0.00    0.00    0.00    0.00    0.00    0.00    0.00    0.00    0.00
08:40:49 PM   26  100.00    0.00    0.00    0.00    0.00    0.00    0.00    0.00    0.00    0.00
08:40:49 PM   27  100.00    0.00    0.00    0.00    0.00    0.00    0.00    0.00    0.00    0.00
08:40:49 PM   28  100.00    0.00    0.00    0.00    0.00    0.00    0.00    0.00    0.00    0.00
08:40:49 PM   29  100.00    0.00    0.00    0.00    0.00    0.00    0.00    0.00    0.00    0.00
08:40:49 PM   30  100.00    0.00    0.00    0.00    0.00    0.00    0.00    0.00    0.00    0.00
08:40:49 PM   31  100.00    0.00    0.00    0.00    0.00    0.00    0.00    0.00    0.00    0.00

08:40:49 PM  CPU    %usr   %nice    %sys %iowait    %irq   %soft  %steal  %guest  %gnice   %idle
08:40:50 PM  all  100.00    0.00    0.00    0.00    0.00    0.00    0.00    0.00    0.00    0.00
08:40:50 PM    0  100.00    0.00    0.00    0.00    0.00    0.00    0.00    0.00    0.00    0.00
08:40:50 PM    1  100.00    0.00    0.00    0.00    0.00    0.00    0.00    0.00    0.00    0.00
08:40:50 PM    2  100.00    0.00    0.00    0.00    0.00    0.00    0.00    0.00    0.00    0.00
08:40:50 PM    3  100.00    0.00    0.00    0.00    0.00    0.00    0.00    0.00    0.00    0.00
08:40:50 PM    4  100.00    0.00    0.00    0.00    0.00    0.00    0.00    0.00    0.00    0.00
08:40:50 PM    5  100.00    0.00    0.00    0.00    0.00    0.00    0.00    0.00    0.00    0.00
08:40:50 PM    6  100.00    0.00    0.00    0.00    0.00    0.00    0.00    0.00    0.00    0.00
08:40:50 PM    7  100.00    0.00    0.00    0.00    0.00    0.00    0.00    0.00    0.00    0.00
08:40:50 PM    8  100.00    0.00    0.00    0.00    0.00    0.00    0.00    0.00    0.00    0.00
08:40:50 PM    9  100.00    0.00    0.00    0.00    0.00    0.00    0.00    0.00    0.00    0.00
08:40:50 PM   10  100.00    0.00    0.00    0.00    0.00    0.00    0.00    0.00    0.00    0.00
08:40:50 PM   11  100.00    0.00    0.00    0.00    0.00    0.00    0.00    0.00    0.00    0.00
08:40:50 PM   12  100.00    0.00    0.00    0.00    0.00    0.00    0.00    0.00    0.00    0.00
08:40:50 PM   13  100.00    0.00    0.00    0.00    0.00    0.00    0.00    0.00    0.00    0.00
08:40:50 PM   14  100.00    0.00    0.00    0.00    0.00    0.00    0.00    0.00    0.00    0.00
08:40:50 PM   15  100.00    0.00    0.00    0.00    0.00    0.00    0.00    0.00    0.00    0.00
08:40:50 PM   16  100.00    0.00    0.00    0.00    0.00    0.00    0.00    0.00    0.00    0.00
08:40:50 PM   17  100.00    0.00    0.00    0.00    0.00    0.00    0.00    0.00    0.00    0.00
08:40:50 PM   18  100.00    0.00    0.00    0.00    0.00    0.00    0.00    0.00    0.00    0.00
08:40:50 PM   19  100.00    0.00    0.00    0.00    0.00    0.00    0.00    0.00    0.00    0.00
08:40:50 PM   20  100.00    0.00    0.00    0.00    0.00    0.00    0.00    0.00    0.00    0.00
08:40:50 PM   21  100.00    0.00    0.00    0.00    0.00    0.00    0.00    0.00    0.00    0.00
08:40:50 PM   22  100.00    0.00    0.00    0.00    0.00    0.00    0.00    0.00    0.00    0.00
08:40:50 PM   23  100.00    0.00    0.00    0.00    0.00    0.00    0.00    0.00    0.00    0.00
08:40:50 PM   24  100.00    0.00    0.00    0.00    0.00    0.00    0.00    0.00    0.00    0.00
08:40:50 PM   25  100.00    0.00    0.00    0.00    0.00    0.00    0.00    0.00    0.00    0.00
08:40:50 PM   26  100.00    0.00    0.00    0.00    0.00    0.00    0.00    0.00    0.00    0.00
08:40:50 PM   27  100.00    0.00    0.00    0.00    0.00    0.00    0.00    0.00    0.00    0.00
08:40:50 PM   28  100.00    0.00    0.00    0.00    0.00    0.00    0.00    0.00    0.00    0.00
08:40:50 PM   29  100.00    0.00    0.00    0.00    0.00    0.00    0.00    0.00    0.00    0.00
08:40:50 PM   30  100.00    0.00    0.00    0.00    0.00    0.00    0.00    0.00    0.00    0.00
08:40:50 PM   31  100.00    0.00    0.00    0.00    0.00    0.00    0.00    0.00    0.00    0.00

08:40:50 PM  CPU    %usr   %nice    %sys %iowait    %irq   %soft  %steal  %guest  %gnice   %idle
08:40:51 PM  all   99.97    0.00    0.00    0.00    0.00    0.00    0.00    0.00    0.00    0.03
08:40:51 PM    0  100.00    0.00    0.00    0.00    0.00    0.00    0.00    0.00    0.00    0.00
08:40:51 PM    1  100.00    0.00    0.00    0.00    0.00    0.00    0.00    0.00    0.00    0.00
08:40:51 PM    2  100.00    0.00    0.00    0.00    0.00    0.00    0.00    0.00    0.00    0.00
08:40:51 PM    3  100.00    0.00    0.00    0.00    0.00    0.00    0.00    0.00    0.00    0.00
08:40:51 PM    4  100.00    0.00    0.00    0.00    0.00    0.00    0.00    0.00    0.00    0.00
08:40:51 PM    5  100.00    0.00    0.00    0.00    0.00    0.00    0.00    0.00    0.00    0.00
08:40:51 PM    6  100.00    0.00    0.00    0.00    0.00    0.00    0.00    0.00    0.00    0.00
08:40:51 PM    7  100.00    0.00    0.00    0.00    0.00    0.00    0.00    0.00    0.00    0.00
08:40:51 PM    8  100.00    0.00    0.00    0.00    0.00    0.00    0.00    0.00    0.00    0.00
08:40:51 PM    9  100.00    0.00    0.00    0.00    0.00    0.00    0.00    0.00    0.00    0.00
08:40:51 PM   10  100.00    0.00    0.00    0.00    0.00    0.00    0.00    0.00    0.00    0.00
08:40:51 PM   11  100.00    0.00    0.00    0.00    0.00    0.00    0.00    0.00    0.00    0.00
08:40:51 PM   12  100.00    0.00    0.00    0.00    0.00    0.00    0.00    0.00    0.00    0.00
08:40:51 PM   13  100.00    0.00    0.00    0.00    0.00    0.00    0.00    0.00    0.00    0.00
08:40:51 PM   14  100.00    0.00    0.00    0.00    0.00    0.00    0.00    0.00    0.00    0.00
08:40:51 PM   15  100.00    0.00    0.00    0.00    0.00    0.00    0.00    0.00    0.00    0.00
08:40:51 PM   16  100.00    0.00    0.00    0.00    0.00    0.00    0.00    0.00    0.00    0.00
08:40:51 PM   17  100.00    0.00    0.00    0.00    0.00    0.00    0.00    0.00    0.00    0.00
08:40:51 PM   18  100.00    0.00    0.00    0.00    0.00    0.00    0.00    0.00    0.00    0.00
08:40:51 PM   19  100.00    0.00    0.00    0.00    0.00    0.00    0.00    0.00    0.00    0.00
08:40:51 PM   20  100.00    0.00    0.00    0.00    0.00    0.00    0.00    0.00    0.00    0.00
08:40:51 PM   21  100.00    0.00    0.00    0.00    0.00    0.00    0.00    0.00    0.00    0.00
08:40:51 PM   22  100.00    0.00    0.00    0.00    0.00    0.00    0.00    0.00    0.00    0.00
08:40:51 PM   23  100.00    0.00    0.00    0.00    0.00    0.00    0.00    0.00    0.00    0.00
08:40:51 PM   24  100.00    0.00    0.00    0.00    0.00    0.00    0.00    0.00    0.00    0.00
08:40:51 PM   25  100.00    0.00    0.00    0.00    0.00    0.00    0.00    0.00    0.00    0.00
08:40:51 PM   26   99.01    0.00    0.00    0.00    0.00    0.00    0.00    0.00    0.00    0.99
08:40:51 PM   27  100.00    0.00    0.00    0.00    0.00    0.00    0.00    0.00    0.00    0.00
08:40:51 PM   28  100.00    0.00    0.00    0.00    0.00    0.00    0.00    0.00    0.00    0.00
08:40:51 PM   29  100.00    0.00    0.00    0.00    0.00    0.00    0.00    0.00    0.00    0.00
08:40:51 PM   30  100.00    0.00    0.00    0.00    0.00    0.00    0.00    0.00    0.00    0.00
08:40:51 PM   31  100.00    0.00    0.00    0.00    0.00    0.00    0.00    0.00    0.00    0.00

08:40:51 PM  CPU    %usr   %nice    %sys %iowait    %irq   %soft  %steal  %guest  %gnice   %idle
08:40:52 PM  all  100.00    0.00    0.00    0.00    0.00    0.00    0.00    0.00    0.00    0.00
08:40:52 PM    0  100.00    0.00    0.00    0.00    0.00    0.00    0.00    0.00    0.00    0.00
08:40:52 PM    1  100.00    0.00    0.00    0.00    0.00    0.00    0.00    0.00    0.00    0.00
08:40:52 PM    2  100.00    0.00    0.00    0.00    0.00    0.00    0.00    0.00    0.00    0.00
08:40:52 PM    3  100.00    0.00    0.00    0.00    0.00    0.00    0.00    0.00    0.00    0.00
08:40:52 PM    4  100.00    0.00    0.00    0.00    0.00    0.00    0.00    0.00    0.00    0.00
08:40:52 PM    5  100.00    0.00    0.00    0.00    0.00    0.00    0.00    0.00    0.00    0.00
08:40:52 PM    6  100.00    0.00    0.00    0.00    0.00    0.00    0.00    0.00    0.00    0.00
08:40:52 PM    7  100.00    0.00    0.00    0.00    0.00    0.00    0.00    0.00    0.00    0.00
08:40:52 PM    8  100.00    0.00    0.00    0.00    0.00    0.00    0.00    0.00    0.00    0.00
08:40:52 PM    9  100.00    0.00    0.00    0.00    0.00    0.00    0.00    0.00    0.00    0.00
08:40:52 PM   10  100.00    0.00    0.00    0.00    0.00    0.00    0.00    0.00    0.00    0.00
08:40:52 PM   11  100.00    0.00    0.00    0.00    0.00    0.00    0.00    0.00    0.00    0.00
08:40:52 PM   12  100.00    0.00    0.00    0.00    0.00    0.00    0.00    0.00    0.00    0.00
08:40:52 PM   13  100.00    0.00    0.00    0.00    0.00    0.00    0.00    0.00    0.00    0.00
08:40:52 PM   14  100.00    0.00    0.00    0.00    0.00    0.00    0.00    0.00    0.00    0.00
08:40:52 PM   15  100.00    0.00    0.00    0.00    0.00    0.00    0.00    0.00    0.00    0.00
08:40:52 PM   16  100.00    0.00    0.00    0.00    0.00    0.00    0.00    0.00    0.00    0.00
08:40:52 PM   17  100.00    0.00    0.00    0.00    0.00    0.00    0.00    0.00    0.00    0.00
08:40:52 PM   18  100.00    0.00    0.00    0.00    0.00    0.00    0.00    0.00    0.00    0.00
08:40:52 PM   19  100.00    0.00    0.00    0.00    0.00    0.00    0.00    0.00    0.00    0.00
08:40:52 PM   20  100.00    0.00    0.00    0.00    0.00    0.00    0.00    0.00    0.00    0.00
08:40:52 PM   21  100.00    0.00    0.00    0.00    0.00    0.00    0.00    0.00    0.00    0.00
08:40:52 PM   22  100.00    0.00    0.00    0.00    0.00    0.00    0.00    0.00    0.00    0.00
08:40:52 PM   23  100.00    0.00    0.00    0.00    0.00    0.00    0.00    0.00    0.00    0.00
08:40:52 PM   24  100.00    0.00    0.00    0.00    0.00    0.00    0.00    0.00    0.00    0.00
08:40:52 PM   25  100.00    0.00    0.00    0.00    0.00    0.00    0.00    0.00    0.00    0.00
08:40:52 PM   26  100.00    0.00    0.00    0.00    0.00    0.00    0.00    0.00    0.00    0.00
08:40:52 PM   27  100.00    0.00    0.00    0.00    0.00    0.00    0.00    0.00    0.00    0.00
08:40:52 PM   28  100.00    0.00    0.00    0.00    0.00    0.00    0.00    0.00    0.00    0.00
08:40:52 PM   29  100.00    0.00    0.00    0.00    0.00    0.00    0.00    0.00    0.00    0.00
08:40:52 PM   30  100.00    0.00    0.00    0.00    0.00    0.00    0.00    0.00    0.00    0.00
08:40:52 PM   31  100.00    0.00    0.00    0.00    0.00    0.00    0.00    0.00    0.00    0.00

08:40:52 PM  CPU    %usr   %nice    %sys %iowait    %irq   %soft  %steal  %guest  %gnice   %idle
08:40:53 PM  all  100.00    0.00    0.00    0.00    0.00    0.00    0.00    0.00    0.00    0.00
08:40:53 PM    0  100.00    0.00    0.00    0.00    0.00    0.00    0.00    0.00    0.00    0.00
08:40:53 PM    1  100.00    0.00    0.00    0.00    0.00    0.00    0.00    0.00    0.00    0.00
08:40:53 PM    2  100.00    0.00    0.00    0.00    0.00    0.00    0.00    0.00    0.00    0.00
08:40:53 PM    3  100.00    0.00    0.00    0.00    0.00    0.00    0.00    0.00    0.00    0.00
08:40:53 PM    4  100.00    0.00    0.00    0.00    0.00    0.00    0.00    0.00    0.00    0.00
08:40:53 PM    5  100.00    0.00    0.00    0.00    0.00    0.00    0.00    0.00    0.00    0.00
08:40:53 PM    6  100.00    0.00    0.00    0.00    0.00    0.00    0.00    0.00    0.00    0.00
08:40:53 PM    7  100.00    0.00    0.00    0.00    0.00    0.00    0.00    0.00    0.00    0.00
08:40:53 PM    8  100.00    0.00    0.00    0.00    0.00    0.00    0.00    0.00    0.00    0.00
08:40:53 PM    9  100.00    0.00    0.00    0.00    0.00    0.00    0.00    0.00    0.00    0.00
08:40:53 PM   10  100.00    0.00    0.00    0.00    0.00    0.00    0.00    0.00    0.00    0.00
08:40:53 PM   11  100.00    0.00    0.00    0.00    0.00    0.00    0.00    0.00    0.00    0.00
08:40:53 PM   12  100.00    0.00    0.00    0.00    0.00    0.00    0.00    0.00    0.00    0.00
08:40:53 PM   13  100.00    0.00    0.00    0.00    0.00    0.00    0.00    0.00    0.00    0.00
08:40:53 PM   14  100.00    0.00    0.00    0.00    0.00    0.00    0.00    0.00    0.00    0.00
08:40:53 PM   15  100.00    0.00    0.00    0.00    0.00    0.00    0.00    0.00    0.00    0.00
08:40:53 PM   16  100.00    0.00    0.00    0.00    0.00    0.00    0.00    0.00    0.00    0.00
08:40:53 PM   17  100.00    0.00    0.00    0.00    0.00    0.00    0.00    0.00    0.00    0.00
08:40:53 PM   18  100.00    0.00    0.00    0.00    0.00    0.00    0.00    0.00    0.00    0.00
08:40:53 PM   19  100.00    0.00    0.00    0.00    0.00    0.00    0.00    0.00    0.00    0.00
08:40:53 PM   20  100.00    0.00    0.00    0.00    0.00    0.00    0.00    0.00    0.00    0.00
08:40:53 PM   21  100.00    0.00    0.00    0.00    0.00    0.00    0.00    0.00    0.00    0.00
08:40:53 PM   22  100.00    0.00    0.00    0.00    0.00    0.00    0.00    0.00    0.00    0.00
08:40:53 PM   23  100.00    0.00    0.00    0.00    0.00    0.00    0.00    0.00    0.00    0.00
08:40:53 PM   24  100.00    0.00    0.00    0.00    0.00    0.00    0.00    0.00    0.00    0.00
08:40:53 PM   25  100.00    0.00    0.00    0.00    0.00    0.00    0.00    0.00    0.00    0.00
08:40:53 PM   26  100.00    0.00    0.00    0.00    0.00    0.00    0.00    0.00    0.00    0.00
08:40:53 PM   27  100.00    0.00    0.00    0.00    0.00    0.00    0.00    0.00    0.00    0.00
08:40:53 PM   28  100.00    0.00    0.00    0.00    0.00    0.00    0.00    0.00    0.00    0.00
08:40:53 PM   29  100.00    0.00    0.00    0.00    0.00    0.00    0.00    0.00    0.00    0.00
08:40:53 PM   30  100.00    0.00    0.00    0.00    0.00    0.00    0.00    0.00    0.00    0.00
08:40:53 PM   31  100.00    0.00    0.00    0.00    0.00    0.00    0.00    0.00    0.00    0.00

08:40:53 PM  CPU    %usr   %nice    %sys %iowait    %irq   %soft  %steal  %guest  %gnice   %idle
08:40:54 PM  all  100.00    0.00    0.00    0.00    0.00    0.00    0.00    0.00    0.00    0.00
08:40:54 PM    0  100.00    0.00    0.00    0.00    0.00    0.00    0.00    0.00    0.00    0.00
08:40:54 PM    1  100.00    0.00    0.00    0.00    0.00    0.00    0.00    0.00    0.00    0.00
08:40:54 PM    2  100.00    0.00    0.00    0.00    0.00    0.00    0.00    0.00    0.00    0.00
08:40:54 PM    3  100.00    0.00    0.00    0.00    0.00    0.00    0.00    0.00    0.00    0.00
08:40:54 PM    4  100.00    0.00    0.00    0.00    0.00    0.00    0.00    0.00    0.00    0.00
08:40:54 PM    5  100.00    0.00    0.00    0.00    0.00    0.00    0.00    0.00    0.00    0.00
08:40:54 PM    6  100.00    0.00    0.00    0.00    0.00    0.00    0.00    0.00    0.00    0.00
08:40:54 PM    7  100.00    0.00    0.00    0.00    0.00    0.00    0.00    0.00    0.00    0.00
08:40:54 PM    8  100.00    0.00    0.00    0.00    0.00    0.00    0.00    0.00    0.00    0.00
08:40:54 PM    9  100.00    0.00    0.00    0.00    0.00    0.00    0.00    0.00    0.00    0.00
08:40:54 PM   10  100.00    0.00    0.00    0.00    0.00    0.00    0.00    0.00    0.00    0.00
08:40:54 PM   11  100.00    0.00    0.00    0.00    0.00    0.00    0.00    0.00    0.00    0.00
08:40:54 PM   12  100.00    0.00    0.00    0.00    0.00    0.00    0.00    0.00    0.00    0.00
08:40:54 PM   13  100.00    0.00    0.00    0.00    0.00    0.00    0.00    0.00    0.00    0.00
08:40:54 PM   14  100.00    0.00    0.00    0.00    0.00    0.00    0.00    0.00    0.00    0.00
08:40:54 PM   15  100.00    0.00    0.00    0.00    0.00    0.00    0.00    0.00    0.00    0.00
08:40:54 PM   16  100.00    0.00    0.00    0.00    0.00    0.00    0.00    0.00    0.00    0.00
08:40:54 PM   17  100.00    0.00    0.00    0.00    0.00    0.00    0.00    0.00    0.00    0.00
08:40:54 PM   18  100.00    0.00    0.00    0.00    0.00    0.00    0.00    0.00    0.00    0.00
08:40:54 PM   19  100.00    0.00    0.00    0.00    0.00    0.00    0.00    0.00    0.00    0.00
08:40:54 PM   20  100.00    0.00    0.00    0.00    0.00    0.00    0.00    0.00    0.00    0.00
08:40:54 PM   21  100.00    0.00    0.00    0.00    0.00    0.00    0.00    0.00    0.00    0.00
08:40:54 PM   22  100.00    0.00    0.00    0.00    0.00    0.00    0.00    0.00    0.00    0.00
08:40:54 PM   23  100.00    0.00    0.00    0.00    0.00    0.00    0.00    0.00    0.00    0.00
08:40:54 PM   24  100.00    0.00    0.00    0.00    0.00    0.00    0.00    0.00    0.00    0.00
08:40:54 PM   25  100.00    0.00    0.00    0.00    0.00    0.00    0.00    0.00    0.00    0.00
08:40:54 PM   26  100.00    0.00    0.00    0.00    0.00    0.00    0.00    0.00    0.00    0.00
08:40:54 PM   27  100.00    0.00    0.00    0.00    0.00    0.00    0.00    0.00    0.00    0.00
08:40:54 PM   28  100.00    0.00    0.00    0.00    0.00    0.00    0.00    0.00    0.00    0.00
08:40:54 PM   29  100.00    0.00    0.00    0.00    0.00    0.00    0.00    0.00    0.00    0.00
08:40:54 PM   30  100.00    0.00    0.00    0.00    0.00    0.00    0.00    0.00    0.00    0.00
08:40:54 PM   31  100.00    0.00    0.00    0.00    0.00    0.00    0.00    0.00    0.00    0.00

08:40:54 PM  CPU    %usr   %nice    %sys %iowait    %irq   %soft  %steal  %guest  %gnice   %idle
08:40:55 PM  all   99.97    0.00    0.03    0.00    0.00    0.00    0.00    0.00    0.00    0.00
08:40:55 PM    0  100.00    0.00    0.00    0.00    0.00    0.00    0.00    0.00    0.00    0.00
08:40:55 PM    1  100.00    0.00    0.00    0.00    0.00    0.00    0.00    0.00    0.00    0.00
08:40:55 PM    2  100.00    0.00    0.00    0.00    0.00    0.00    0.00    0.00    0.00    0.00
08:40:55 PM    3  100.00    0.00    0.00    0.00    0.00    0.00    0.00    0.00    0.00    0.00
08:40:55 PM    4  100.00    0.00    0.00    0.00    0.00    0.00    0.00    0.00    0.00    0.00
08:40:55 PM    5  100.00    0.00    0.00    0.00    0.00    0.00    0.00    0.00    0.00    0.00
08:40:55 PM    6  100.00    0.00    0.00    0.00    0.00    0.00    0.00    0.00    0.00    0.00
08:40:55 PM    7  100.00    0.00    0.00    0.00    0.00    0.00    0.00    0.00    0.00    0.00
08:40:55 PM    8  100.00    0.00    0.00    0.00    0.00    0.00    0.00    0.00    0.00    0.00
08:40:55 PM    9  100.00    0.00    0.00    0.00    0.00    0.00    0.00    0.00    0.00    0.00
08:40:55 PM   10   99.00    0.00    1.00    0.00    0.00    0.00    0.00    0.00    0.00    0.00
08:40:55 PM   11  100.00    0.00    0.00    0.00    0.00    0.00    0.00    0.00    0.00    0.00
08:40:55 PM   12  100.00    0.00    0.00    0.00    0.00    0.00    0.00    0.00    0.00    0.00
08:40:55 PM   13  100.00    0.00    0.00    0.00    0.00    0.00    0.00    0.00    0.00    0.00
08:40:55 PM   14  100.00    0.00    0.00    0.00    0.00    0.00    0.00    0.00    0.00    0.00
08:40:55 PM   15  100.00    0.00    0.00    0.00    0.00    0.00    0.00    0.00    0.00    0.00
08:40:55 PM   16  100.00    0.00    0.00    0.00    0.00    0.00    0.00    0.00    0.00    0.00
08:40:55 PM   17  100.00    0.00    0.00    0.00    0.00    0.00    0.00    0.00    0.00    0.00
08:40:55 PM   18  100.00    0.00    0.00    0.00    0.00    0.00    0.00    0.00    0.00    0.00
08:40:55 PM   19  100.00    0.00    0.00    0.00    0.00    0.00    0.00    0.00    0.00    0.00
08:40:55 PM   20  100.00    0.00    0.00    0.00    0.00    0.00    0.00    0.00    0.00    0.00
08:40:55 PM   21  100.00    0.00    0.00    0.00    0.00    0.00    0.00    0.00    0.00    0.00
08:40:55 PM   22  100.00    0.00    0.00    0.00    0.00    0.00    0.00    0.00    0.00    0.00
08:40:55 PM   23  100.00    0.00    0.00    0.00    0.00    0.00    0.00    0.00    0.00    0.00
08:40:55 PM   24  100.00    0.00    0.00    0.00    0.00    0.00    0.00    0.00    0.00    0.00
08:40:55 PM   25  100.00    0.00    0.00    0.00    0.00    0.00    0.00    0.00    0.00    0.00
08:40:55 PM   26  100.00    0.00    0.00    0.00    0.00    0.00    0.00    0.00    0.00    0.00
08:40:55 PM   27  100.00    0.00    0.00    0.00    0.00    0.00    0.00    0.00    0.00    0.00
08:40:55 PM   28  100.00    0.00    0.00    0.00    0.00    0.00    0.00    0.00    0.00    0.00
08:40:55 PM   29  100.00    0.00    0.00    0.00    0.00    0.00    0.00    0.00    0.00    0.00
08:40:55 PM   30  100.00    0.00    0.00    0.00    0.00    0.00    0.00    0.00    0.00    0.00
08:40:55 PM   31  100.00    0.00    0.00    0.00    0.00    0.00    0.00    0.00    0.00    0.00

08:40:55 PM  CPU    %usr   %nice    %sys %iowait    %irq   %soft  %steal  %guest  %gnice   %idle
08:40:56 PM  all   99.69    0.00    0.12    0.00    0.00    0.00    0.00    0.00    0.00    0.19
08:40:56 PM    0   95.00    0.00    0.00    0.00    0.00    0.00    0.00    0.00    0.00    5.00
08:40:56 PM    1  100.00    0.00    0.00    0.00    0.00    0.00    0.00    0.00    0.00    0.00
08:40:56 PM    2  100.00    0.00    0.00    0.00    0.00    0.00    0.00    0.00    0.00    0.00
08:40:56 PM    3  100.00    0.00    0.00    0.00    0.00    0.00    0.00    0.00    0.00    0.00
08:40:56 PM    4  100.00    0.00    0.00    0.00    0.00    0.00    0.00    0.00    0.00    0.00
08:40:56 PM    5  100.00    0.00    0.00    0.00    0.00    0.00    0.00    0.00    0.00    0.00
08:40:56 PM    6  100.00    0.00    0.00    0.00    0.00    0.00    0.00    0.00    0.00    0.00
08:40:56 PM    7  100.00    0.00    0.00    0.00    0.00    0.00    0.00    0.00    0.00    0.00
08:40:56 PM    8  100.00    0.00    0.00    0.00    0.00    0.00    0.00    0.00    0.00    0.00
08:40:56 PM    9  100.00    0.00    0.00    0.00    0.00    0.00    0.00    0.00    0.00    0.00
08:40:56 PM   10   99.01    0.00    0.00    0.00    0.00    0.00    0.00    0.00    0.00    0.99
08:40:56 PM   11  100.00    0.00    0.00    0.00    0.00    0.00    0.00    0.00    0.00    0.00
08:40:56 PM   12  100.00    0.00    0.00    0.00    0.00    0.00    0.00    0.00    0.00    0.00
08:40:56 PM   13   99.01    0.00    0.99    0.00    0.00    0.00    0.00    0.00    0.00    0.00
08:40:56 PM   14  100.00    0.00    0.00    0.00    0.00    0.00    0.00    0.00    0.00    0.00
08:40:56 PM   15  100.00    0.00    0.00    0.00    0.00    0.00    0.00    0.00    0.00    0.00
08:40:56 PM   16  100.00    0.00    0.00    0.00    0.00    0.00    0.00    0.00    0.00    0.00
08:40:56 PM   17   99.01    0.00    0.99    0.00    0.00    0.00    0.00    0.00    0.00    0.00
08:40:56 PM   18  100.00    0.00    0.00    0.00    0.00    0.00    0.00    0.00    0.00    0.00
08:40:56 PM   19  100.00    0.00    0.00    0.00    0.00    0.00    0.00    0.00    0.00    0.00
08:40:56 PM   20  100.00    0.00    0.00    0.00    0.00    0.00    0.00    0.00    0.00    0.00
08:40:56 PM   21  100.00    0.00    0.00    0.00    0.00    0.00    0.00    0.00    0.00    0.00
08:40:56 PM   22  100.00    0.00    0.00    0.00    0.00    0.00    0.00    0.00    0.00    0.00
08:40:56 PM   23   99.00    0.00    1.00    0.00    0.00    0.00    0.00    0.00    0.00    0.00
08:40:56 PM   24  100.00    0.00    0.00    0.00    0.00    0.00    0.00    0.00    0.00    0.00
08:40:56 PM   25  100.00    0.00    0.00    0.00    0.00    0.00    0.00    0.00    0.00    0.00
08:40:56 PM   26  100.00    0.00    0.00    0.00    0.00    0.00    0.00    0.00    0.00    0.00
08:40:56 PM   27  100.00    0.00    0.00    0.00    0.00    0.00    0.00    0.00    0.00    0.00
08:40:56 PM   28   99.01    0.00    0.99    0.00    0.00    0.00    0.00    0.00    0.00    0.00
08:40:56 PM   29  100.00    0.00    0.00    0.00    0.00    0.00    0.00    0.00    0.00    0.00
08:40:56 PM   30  100.00    0.00    0.00    0.00    0.00    0.00    0.00    0.00    0.00    0.00
08:40:56 PM   31  100.00    0.00    0.00    0.00    0.00    0.00    0.00    0.00    0.00    0.00

08:40:56 PM  CPU    %usr   %nice    %sys %iowait    %irq   %soft  %steal  %guest  %gnice   %idle
08:40:57 PM  all   99.88    0.00    0.12    0.00    0.00    0.00    0.00    0.00    0.00    0.00
08:40:57 PM    0  100.00    0.00    0.00    0.00    0.00    0.00    0.00    0.00    0.00    0.00
08:40:57 PM    1  100.00    0.00    0.00    0.00    0.00    0.00    0.00    0.00    0.00    0.00
08:40:57 PM    2  100.00    0.00    0.00    0.00    0.00    0.00    0.00    0.00    0.00    0.00
08:40:57 PM    3   96.00    0.00    4.00    0.00    0.00    0.00    0.00    0.00    0.00    0.00
08:40:57 PM    4  100.00    0.00    0.00    0.00    0.00    0.00    0.00    0.00    0.00    0.00
08:40:57 PM    5  100.00    0.00    0.00    0.00    0.00    0.00    0.00    0.00    0.00    0.00
08:40:57 PM    6  100.00    0.00    0.00    0.00    0.00    0.00    0.00    0.00    0.00    0.00
08:40:57 PM    7  100.00    0.00    0.00    0.00    0.00    0.00    0.00    0.00    0.00    0.00
08:40:57 PM    8  100.00    0.00    0.00    0.00    0.00    0.00    0.00    0.00    0.00    0.00
08:40:57 PM    9  100.00    0.00    0.00    0.00    0.00    0.00    0.00    0.00    0.00    0.00
08:40:57 PM   10  100.00    0.00    0.00    0.00    0.00    0.00    0.00    0.00    0.00    0.00
08:40:57 PM   11  100.00    0.00    0.00    0.00    0.00    0.00    0.00    0.00    0.00    0.00
08:40:57 PM   12  100.00    0.00    0.00    0.00    0.00    0.00    0.00    0.00    0.00    0.00
08:40:57 PM   13  100.00    0.00    0.00    0.00    0.00    0.00    0.00    0.00    0.00    0.00
08:40:57 PM   14  100.00    0.00    0.00    0.00    0.00    0.00    0.00    0.00    0.00    0.00
08:40:57 PM   15  100.00    0.00    0.00    0.00    0.00    0.00    0.00    0.00    0.00    0.00
08:40:57 PM   16  100.00    0.00    0.00    0.00    0.00    0.00    0.00    0.00    0.00    0.00
08:40:57 PM   17  100.00    0.00    0.00    0.00    0.00    0.00    0.00    0.00    0.00    0.00
08:40:57 PM   18  100.00    0.00    0.00    0.00    0.00    0.00    0.00    0.00    0.00    0.00
08:40:57 PM   19  100.00    0.00    0.00    0.00    0.00    0.00    0.00    0.00    0.00    0.00
08:40:57 PM   20  100.00    0.00    0.00    0.00    0.00    0.00    0.00    0.00    0.00    0.00
08:40:57 PM   21  100.00    0.00    0.00    0.00    0.00    0.00    0.00    0.00    0.00    0.00
08:40:57 PM   22  100.00    0.00    0.00    0.00    0.00    0.00    0.00    0.00    0.00    0.00
08:40:57 PM   23  100.00    0.00    0.00    0.00    0.00    0.00    0.00    0.00    0.00    0.00
08:40:57 PM   24  100.00    0.00    0.00    0.00    0.00    0.00    0.00    0.00    0.00    0.00
08:40:57 PM   25  100.00    0.00    0.00    0.00    0.00    0.00    0.00    0.00    0.00    0.00
08:40:57 PM   26  100.00    0.00    0.00    0.00    0.00    0.00    0.00    0.00    0.00    0.00
08:40:57 PM   27  100.00    0.00    0.00    0.00    0.00    0.00    0.00    0.00    0.00    0.00
08:40:57 PM   28  100.00    0.00    0.00    0.00    0.00    0.00    0.00    0.00    0.00    0.00
08:40:57 PM   29  100.00    0.00    0.00    0.00    0.00    0.00    0.00    0.00    0.00    0.00
08:40:57 PM   30  100.00    0.00    0.00    0.00    0.00    0.00    0.00    0.00    0.00    0.00
08:40:57 PM   31  100.00    0.00    0.00    0.00    0.00    0.00    0.00    0.00    0.00    0.00

08:40:57 PM  CPU    %usr   %nice    %sys %iowait    %irq   %soft  %steal  %guest  %gnice   %idle
08:40:58 PM  all  100.00    0.00    0.00    0.00    0.00    0.00    0.00    0.00    0.00    0.00
08:40:58 PM    0  100.00    0.00    0.00    0.00    0.00    0.00    0.00    0.00    0.00    0.00
08:40:58 PM    1  100.00    0.00    0.00    0.00    0.00    0.00    0.00    0.00    0.00    0.00
08:40:58 PM    2  100.00    0.00    0.00    0.00    0.00    0.00    0.00    0.00    0.00    0.00
08:40:58 PM    3  100.00    0.00    0.00    0.00    0.00    0.00    0.00    0.00    0.00    0.00
08:40:58 PM    4  100.00    0.00    0.00    0.00    0.00    0.00    0.00    0.00    0.00    0.00
08:40:58 PM    5  100.00    0.00    0.00    0.00    0.00    0.00    0.00    0.00    0.00    0.00
08:40:58 PM    6  100.00    0.00    0.00    0.00    0.00    0.00    0.00    0.00    0.00    0.00
08:40:58 PM    7  100.00    0.00    0.00    0.00    0.00    0.00    0.00    0.00    0.00    0.00
08:40:58 PM    8  100.00    0.00    0.00    0.00    0.00    0.00    0.00    0.00    0.00    0.00
08:40:58 PM    9  100.00    0.00    0.00    0.00    0.00    0.00    0.00    0.00    0.00    0.00
08:40:58 PM   10  100.00    0.00    0.00    0.00    0.00    0.00    0.00    0.00    0.00    0.00
08:40:58 PM   11  100.00    0.00    0.00    0.00    0.00    0.00    0.00    0.00    0.00    0.00
08:40:58 PM   12  100.00    0.00    0.00    0.00    0.00    0.00    0.00    0.00    0.00    0.00
08:40:58 PM   13  100.00    0.00    0.00    0.00    0.00    0.00    0.00    0.00    0.00    0.00
08:40:58 PM   14  100.00    0.00    0.00    0.00    0.00    0.00    0.00    0.00    0.00    0.00
08:40:58 PM   15  100.00    0.00    0.00    0.00    0.00    0.00    0.00    0.00    0.00    0.00
08:40:58 PM   16  100.00    0.00    0.00    0.00    0.00    0.00    0.00    0.00    0.00    0.00
08:40:58 PM   17  100.00    0.00    0.00    0.00    0.00    0.00    0.00    0.00    0.00    0.00
08:40:58 PM   18  100.00    0.00    0.00    0.00    0.00    0.00    0.00    0.00    0.00    0.00
08:40:58 PM   19  100.00    0.00    0.00    0.00    0.00    0.00    0.00    0.00    0.00    0.00
08:40:58 PM   20  100.00    0.00    0.00    0.00    0.00    0.00    0.00    0.00    0.00    0.00
08:40:58 PM   21  100.00    0.00    0.00    0.00    0.00    0.00    0.00    0.00    0.00    0.00
08:40:58 PM   22  100.00    0.00    0.00    0.00    0.00    0.00    0.00    0.00    0.00    0.00
08:40:58 PM   23  100.00    0.00    0.00    0.00    0.00    0.00    0.00    0.00    0.00    0.00
08:40:58 PM   24  100.00    0.00    0.00    0.00    0.00    0.00    0.00    0.00    0.00    0.00
08:40:58 PM   25  100.00    0.00    0.00    0.00    0.00    0.00    0.00    0.00    0.00    0.00
08:40:58 PM   26  100.00    0.00    0.00    0.00    0.00    0.00    0.00    0.00    0.00    0.00
08:40:58 PM   27  100.00    0.00    0.00    0.00    0.00    0.00    0.00    0.00    0.00    0.00
08:40:58 PM   28  100.00    0.00    0.00    0.00    0.00    0.00    0.00    0.00    0.00    0.00
08:40:58 PM   29  100.00    0.00    0.00    0.00    0.00    0.00    0.00    0.00    0.00    0.00
08:40:58 PM   30  100.00    0.00    0.00    0.00    0.00    0.00    0.00    0.00    0.00    0.00
08:40:58 PM   31  100.00    0.00    0.00    0.00    0.00    0.00    0.00    0.00    0.00    0.00

08:40:58 PM  CPU    %usr   %nice    %sys %iowait    %irq   %soft  %steal  %guest  %gnice   %idle
08:40:59 PM  all   99.97    0.00    0.03    0.00    0.00    0.00    0.00    0.00    0.00    0.00
08:40:59 PM    0  100.00    0.00    0.00    0.00    0.00    0.00    0.00    0.00    0.00    0.00
08:40:59 PM    1  100.00    0.00    0.00    0.00    0.00    0.00    0.00    0.00    0.00    0.00
08:40:59 PM    2  100.00    0.00    0.00    0.00    0.00    0.00    0.00    0.00    0.00    0.00
08:40:59 PM    3  100.00    0.00    0.00    0.00    0.00    0.00    0.00    0.00    0.00    0.00
08:40:59 PM    4  100.00    0.00    0.00    0.00    0.00    0.00    0.00    0.00    0.00    0.00
08:40:59 PM    5  100.00    0.00    0.00    0.00    0.00    0.00    0.00    0.00    0.00    0.00
08:40:59 PM    6  100.00    0.00    0.00    0.00    0.00    0.00    0.00    0.00    0.00    0.00
08:40:59 PM    7  100.00    0.00    0.00    0.00    0.00    0.00    0.00    0.00    0.00    0.00
08:40:59 PM    8  100.00    0.00    0.00    0.00    0.00    0.00    0.00    0.00    0.00    0.00
08:40:59 PM    9  100.00    0.00    0.00    0.00    0.00    0.00    0.00    0.00    0.00    0.00
08:40:59 PM   10  100.00    0.00    0.00    0.00    0.00    0.00    0.00    0.00    0.00    0.00
08:40:59 PM   11  100.00    0.00    0.00    0.00    0.00    0.00    0.00    0.00    0.00    0.00
08:40:59 PM   12  100.00    0.00    0.00    0.00    0.00    0.00    0.00    0.00    0.00    0.00
08:40:59 PM   13  100.00    0.00    0.00    0.00    0.00    0.00    0.00    0.00    0.00    0.00
08:40:59 PM   14  100.00    0.00    0.00    0.00    0.00    0.00    0.00    0.00    0.00    0.00
08:40:59 PM   15  100.00    0.00    0.00    0.00    0.00    0.00    0.00    0.00    0.00    0.00
08:40:59 PM   16  100.00    0.00    0.00    0.00    0.00    0.00    0.00    0.00    0.00    0.00
08:40:59 PM   17  100.00    0.00    0.00    0.00    0.00    0.00    0.00    0.00    0.00    0.00
08:40:59 PM   18  100.00    0.00    0.00    0.00    0.00    0.00    0.00    0.00    0.00    0.00
08:40:59 PM   19  100.00    0.00    0.00    0.00    0.00    0.00    0.00    0.00    0.00    0.00
08:40:59 PM   20  100.00    0.00    0.00    0.00    0.00    0.00    0.00    0.00    0.00    0.00
08:40:59 PM   21  100.00    0.00    0.00    0.00    0.00    0.00    0.00    0.00    0.00    0.00
08:40:59 PM   22  100.00    0.00    0.00    0.00    0.00    0.00    0.00    0.00    0.00    0.00
08:40:59 PM   23   99.01    0.00    0.99    0.00    0.00    0.00    0.00    0.00    0.00    0.00
08:40:59 PM   24  100.00    0.00    0.00    0.00    0.00    0.00    0.00    0.00    0.00    0.00
08:40:59 PM   25  100.00    0.00    0.00    0.00    0.00    0.00    0.00    0.00    0.00    0.00
08:40:59 PM   26  100.00    0.00    0.00    0.00    0.00    0.00    0.00    0.00    0.00    0.00
08:40:59 PM   27  100.00    0.00    0.00    0.00    0.00    0.00    0.00    0.00    0.00    0.00
08:40:59 PM   28  100.00    0.00    0.00    0.00    0.00    0.00    0.00    0.00    0.00    0.00
08:40:59 PM   29  100.00    0.00    0.00    0.00    0.00    0.00    0.00    0.00    0.00    0.00
08:40:59 PM   30  100.00    0.00    0.00    0.00    0.00    0.00    0.00    0.00    0.00    0.00
08:40:59 PM   31  100.00    0.00    0.00    0.00    0.00    0.00    0.00    0.00    0.00    0.00

08:40:59 PM  CPU    %usr   %nice    %sys %iowait    %irq   %soft  %steal  %guest  %gnice   %idle
08:41:00 PM  all  100.00    0.00    0.00    0.00    0.00    0.00    0.00    0.00    0.00    0.00
08:41:00 PM    0  100.00    0.00    0.00    0.00    0.00    0.00    0.00    0.00    0.00    0.00
08:41:00 PM    1  100.00    0.00    0.00    0.00    0.00    0.00    0.00    0.00    0.00    0.00
08:41:00 PM    2  100.00    0.00    0.00    0.00    0.00    0.00    0.00    0.00    0.00    0.00
08:41:00 PM    3  100.00    0.00    0.00    0.00    0.00    0.00    0.00    0.00    0.00    0.00
08:41:00 PM    4  100.00    0.00    0.00    0.00    0.00    0.00    0.00    0.00    0.00    0.00
08:41:00 PM    5  100.00    0.00    0.00    0.00    0.00    0.00    0.00    0.00    0.00    0.00
08:41:00 PM    6  100.00    0.00    0.00    0.00    0.00    0.00    0.00    0.00    0.00    0.00
08:41:00 PM    7  100.00    0.00    0.00    0.00    0.00    0.00    0.00    0.00    0.00    0.00
08:41:00 PM    8  100.00    0.00    0.00    0.00    0.00    0.00    0.00    0.00    0.00    0.00
08:41:00 PM    9  100.00    0.00    0.00    0.00    0.00    0.00    0.00    0.00    0.00    0.00
08:41:00 PM   10  100.00    0.00    0.00    0.00    0.00    0.00    0.00    0.00    0.00    0.00
08:41:00 PM   11  100.00    0.00    0.00    0.00    0.00    0.00    0.00    0.00    0.00    0.00
08:41:00 PM   12  100.00    0.00    0.00    0.00    0.00    0.00    0.00    0.00    0.00    0.00
08:41:00 PM   13  100.00    0.00    0.00    0.00    0.00    0.00    0.00    0.00    0.00    0.00
08:41:00 PM   14  100.00    0.00    0.00    0.00    0.00    0.00    0.00    0.00    0.00    0.00
08:41:00 PM   15  100.00    0.00    0.00    0.00    0.00    0.00    0.00    0.00    0.00    0.00
08:41:00 PM   16  100.00    0.00    0.00    0.00    0.00    0.00    0.00    0.00    0.00    0.00
08:41:00 PM   17  100.00    0.00    0.00    0.00    0.00    0.00    0.00    0.00    0.00    0.00
08:41:00 PM   18  100.00    0.00    0.00    0.00    0.00    0.00    0.00    0.00    0.00    0.00
08:41:00 PM   19  100.00    0.00    0.00    0.00    0.00    0.00    0.00    0.00    0.00    0.00
08:41:00 PM   20  100.00    0.00    0.00    0.00    0.00    0.00    0.00    0.00    0.00    0.00
08:41:00 PM   21  100.00    0.00    0.00    0.00    0.00    0.00    0.00    0.00    0.00    0.00
08:41:00 PM   22  100.00    0.00    0.00    0.00    0.00    0.00    0.00    0.00    0.00    0.00
08:41:00 PM   23  100.00    0.00    0.00    0.00    0.00    0.00    0.00    0.00    0.00    0.00
08:41:00 PM   24  100.00    0.00    0.00    0.00    0.00    0.00    0.00    0.00    0.00    0.00
08:41:00 PM   25  100.00    0.00    0.00    0.00    0.00    0.00    0.00    0.00    0.00    0.00
08:41:00 PM   26  100.00    0.00    0.00    0.00    0.00    0.00    0.00    0.00    0.00    0.00
08:41:00 PM   27  100.00    0.00    0.00    0.00    0.00    0.00    0.00    0.00    0.00    0.00
08:41:00 PM   28  100.00    0.00    0.00    0.00    0.00    0.00    0.00    0.00    0.00    0.00
08:41:00 PM   29  100.00    0.00    0.00    0.00    0.00    0.00    0.00    0.00    0.00    0.00
08:41:00 PM   30  100.00    0.00    0.00    0.00    0.00    0.00    0.00    0.00    0.00    0.00
08:41:00 PM   31  100.00    0.00    0.00    0.00    0.00    0.00    0.00    0.00    0.00    0.00

08:41:00 PM  CPU    %usr   %nice    %sys %iowait    %irq   %soft  %steal  %guest  %gnice   %idle
08:41:01 PM  all   99.91    0.00    0.09    0.00    0.00    0.00    0.00    0.00    0.00    0.00
08:41:01 PM    0  100.00    0.00    0.00    0.00    0.00    0.00    0.00    0.00    0.00    0.00
08:41:01 PM    1  100.00    0.00    0.00    0.00    0.00    0.00    0.00    0.00    0.00    0.00
08:41:01 PM    2  100.00    0.00    0.00    0.00    0.00    0.00    0.00    0.00    0.00    0.00
08:41:01 PM    3  100.00    0.00    0.00    0.00    0.00    0.00    0.00    0.00    0.00    0.00
08:41:01 PM    4  100.00    0.00    0.00    0.00    0.00    0.00    0.00    0.00    0.00    0.00
08:41:01 PM    5  100.00    0.00    0.00    0.00    0.00    0.00    0.00    0.00    0.00    0.00
08:41:01 PM    6  100.00    0.00    0.00    0.00    0.00    0.00    0.00    0.00    0.00    0.00
08:41:01 PM    7   99.00    0.00    1.00    0.00    0.00    0.00    0.00    0.00    0.00    0.00
08:41:01 PM    8  100.00    0.00    0.00    0.00    0.00    0.00    0.00    0.00    0.00    0.00
08:41:01 PM    9  100.00    0.00    0.00    0.00    0.00    0.00    0.00    0.00    0.00    0.00
08:41:01 PM   10  100.00    0.00    0.00    0.00    0.00    0.00    0.00    0.00    0.00    0.00
08:41:01 PM   11  100.00    0.00    0.00    0.00    0.00    0.00    0.00    0.00    0.00    0.00
08:41:01 PM   12  100.00    0.00    0.00    0.00    0.00    0.00    0.00    0.00    0.00    0.00
08:41:01 PM   13  100.00    0.00    0.00    0.00    0.00    0.00    0.00    0.00    0.00    0.00
08:41:01 PM   14  100.00    0.00    0.00    0.00    0.00    0.00    0.00    0.00    0.00    0.00
08:41:01 PM   15  100.00    0.00    0.00    0.00    0.00    0.00    0.00    0.00    0.00    0.00
08:41:01 PM   16  100.00    0.00    0.00    0.00    0.00    0.00    0.00    0.00    0.00    0.00
08:41:01 PM   17  100.00    0.00    0.00    0.00    0.00    0.00    0.00    0.00    0.00    0.00
08:41:01 PM   18  100.00    0.00    0.00    0.00    0.00    0.00    0.00    0.00    0.00    0.00
08:41:01 PM   19  100.00    0.00    0.00    0.00    0.00    0.00    0.00    0.00    0.00    0.00
08:41:01 PM   20  100.00    0.00    0.00    0.00    0.00    0.00    0.00    0.00    0.00    0.00
08:41:01 PM   21  100.00    0.00    0.00    0.00    0.00    0.00    0.00    0.00    0.00    0.00
08:41:01 PM   22  100.00    0.00    0.00    0.00    0.00    0.00    0.00    0.00    0.00    0.00
08:41:01 PM   23  100.00    0.00    0.00    0.00    0.00    0.00    0.00    0.00    0.00    0.00
08:41:01 PM   24   99.01    0.00    0.99    0.00    0.00    0.00    0.00    0.00    0.00    0.00
08:41:01 PM   25  100.00    0.00    0.00    0.00    0.00    0.00    0.00    0.00    0.00    0.00
08:41:01 PM   26   99.00    0.00    1.00    0.00    0.00    0.00    0.00    0.00    0.00    0.00
08:41:01 PM   27  100.00    0.00    0.00    0.00    0.00    0.00    0.00    0.00    0.00    0.00
08:41:01 PM   28  100.00    0.00    0.00    0.00    0.00    0.00    0.00    0.00    0.00    0.00
08:41:01 PM   29  100.00    0.00    0.00    0.00    0.00    0.00    0.00    0.00    0.00    0.00
08:41:01 PM   30  100.00    0.00    0.00    0.00    0.00    0.00    0.00    0.00    0.00    0.00
08:41:01 PM   31  100.00    0.00    0.00    0.00    0.00    0.00    0.00    0.00    0.00    0.00

08:41:01 PM  CPU    %usr   %nice    %sys %iowait    %irq   %soft  %steal  %guest  %gnice   %idle
08:41:02 PM  all  100.00    0.00    0.00    0.00    0.00    0.00    0.00    0.00    0.00    0.00
08:41:02 PM    0  100.00    0.00    0.00    0.00    0.00    0.00    0.00    0.00    0.00    0.00
08:41:02 PM    1  100.00    0.00    0.00    0.00    0.00    0.00    0.00    0.00    0.00    0.00
08:41:02 PM    2  100.00    0.00    0.00    0.00    0.00    0.00    0.00    0.00    0.00    0.00
08:41:02 PM    3  100.00    0.00    0.00    0.00    0.00    0.00    0.00    0.00    0.00    0.00
08:41:02 PM    4  100.00    0.00    0.00    0.00    0.00    0.00    0.00    0.00    0.00    0.00
08:41:02 PM    5  100.00    0.00    0.00    0.00    0.00    0.00    0.00    0.00    0.00    0.00
08:41:02 PM    6  100.00    0.00    0.00    0.00    0.00    0.00    0.00    0.00    0.00    0.00
08:41:02 PM    7  100.00    0.00    0.00    0.00    0.00    0.00    0.00    0.00    0.00    0.00
08:41:02 PM    8  100.00    0.00    0.00    0.00    0.00    0.00    0.00    0.00    0.00    0.00
08:41:02 PM    9  100.00    0.00    0.00    0.00    0.00    0.00    0.00    0.00    0.00    0.00
08:41:02 PM   10  100.00    0.00    0.00    0.00    0.00    0.00    0.00    0.00    0.00    0.00
08:41:02 PM   11  100.00    0.00    0.00    0.00    0.00    0.00    0.00    0.00    0.00    0.00
08:41:02 PM   12  100.00    0.00    0.00    0.00    0.00    0.00    0.00    0.00    0.00    0.00
08:41:02 PM   13  100.00    0.00    0.00    0.00    0.00    0.00    0.00    0.00    0.00    0.00
08:41:02 PM   14  100.00    0.00    0.00    0.00    0.00    0.00    0.00    0.00    0.00    0.00
08:41:02 PM   15  100.00    0.00    0.00    0.00    0.00    0.00    0.00    0.00    0.00    0.00
08:41:02 PM   16  100.00    0.00    0.00    0.00    0.00    0.00    0.00    0.00    0.00    0.00
08:41:02 PM   17  100.00    0.00    0.00    0.00    0.00    0.00    0.00    0.00    0.00    0.00
08:41:02 PM   18  100.00    0.00    0.00    0.00    0.00    0.00    0.00    0.00    0.00    0.00
08:41:02 PM   19  100.00    0.00    0.00    0.00    0.00    0.00    0.00    0.00    0.00    0.00
08:41:02 PM   20  100.00    0.00    0.00    0.00    0.00    0.00    0.00    0.00    0.00    0.00
08:41:02 PM   21  100.00    0.00    0.00    0.00    0.00    0.00    0.00    0.00    0.00    0.00
08:41:02 PM   22  100.00    0.00    0.00    0.00    0.00    0.00    0.00    0.00    0.00    0.00
08:41:02 PM   23  100.00    0.00    0.00    0.00    0.00    0.00    0.00    0.00    0.00    0.00
08:41:02 PM   24  100.00    0.00    0.00    0.00    0.00    0.00    0.00    0.00    0.00    0.00
08:41:02 PM   25  100.00    0.00    0.00    0.00    0.00    0.00    0.00    0.00    0.00    0.00
08:41:02 PM   26  100.00    0.00    0.00    0.00    0.00    0.00    0.00    0.00    0.00    0.00
08:41:02 PM   27  100.00    0.00    0.00    0.00    0.00    0.00    0.00    0.00    0.00    0.00
08:41:02 PM   28  100.00    0.00    0.00    0.00    0.00    0.00    0.00    0.00    0.00    0.00
08:41:02 PM   29  100.00    0.00    0.00    0.00    0.00    0.00    0.00    0.00    0.00    0.00
08:41:02 PM   30  100.00    0.00    0.00    0.00    0.00    0.00    0.00    0.00    0.00    0.00
08:41:02 PM   31  100.00    0.00    0.00    0.00    0.00    0.00    0.00    0.00    0.00    0.00

08:41:02 PM  CPU    %usr   %nice    %sys %iowait    %irq   %soft  %steal  %guest  %gnice   %idle
08:41:03 PM  all   98.62    0.00    0.16    0.00    0.00    0.00    0.00    0.00    0.00    1.22
08:41:03 PM    0   84.00    0.00    0.00    0.00    0.00    0.00    0.00    0.00    0.00   16.00
08:41:03 PM    1  100.00    0.00    0.00    0.00    0.00    0.00    0.00    0.00    0.00    0.00
08:41:03 PM    2   88.00    0.00    0.00    0.00    0.00    0.00    0.00    0.00    0.00   12.00
08:41:03 PM    3  100.00    0.00    0.00    0.00    0.00    0.00    0.00    0.00    0.00    0.00
08:41:03 PM    4   90.10    0.00    0.00    0.00    0.00    0.00    0.00    0.00    0.00    9.90
08:41:03 PM    5   99.00    0.00    1.00    0.00    0.00    0.00    0.00    0.00    0.00    0.00
08:41:03 PM    6  100.00    0.00    0.00    0.00    0.00    0.00    0.00    0.00    0.00    0.00
08:41:03 PM    7  100.00    0.00    0.00    0.00    0.00    0.00    0.00    0.00    0.00    0.00
08:41:03 PM    8  100.00    0.00    0.00    0.00    0.00    0.00    0.00    0.00    0.00    0.00
08:41:03 PM    9   99.00    0.00    0.00    0.00    0.00    0.00    0.00    0.00    0.00    1.00
08:41:03 PM   10  100.00    0.00    0.00    0.00    0.00    0.00    0.00    0.00    0.00    0.00
08:41:03 PM   11  100.00    0.00    0.00    0.00    0.00    0.00    0.00    0.00    0.00    0.00
08:41:03 PM   12  100.00    0.00    0.00    0.00    0.00    0.00    0.00    0.00    0.00    0.00
08:41:03 PM   13  100.00    0.00    0.00    0.00    0.00    0.00    0.00    0.00    0.00    0.00
08:41:03 PM   14   99.00    0.00    1.00    0.00    0.00    0.00    0.00    0.00    0.00    0.00
08:41:03 PM   15  100.00    0.00    0.00    0.00    0.00    0.00    0.00    0.00    0.00    0.00
08:41:03 PM   16   99.00    0.00    1.00    0.00    0.00    0.00    0.00    0.00    0.00    0.00
08:41:03 PM   17  100.00    0.00    0.00    0.00    0.00    0.00    0.00    0.00    0.00    0.00
08:41:03 PM   18  100.00    0.00    0.00    0.00    0.00    0.00    0.00    0.00    0.00    0.00
08:41:03 PM   19  100.00    0.00    0.00    0.00    0.00    0.00    0.00    0.00    0.00    0.00
08:41:03 PM   20  100.00    0.00    0.00    0.00    0.00    0.00    0.00    0.00    0.00    0.00
08:41:03 PM   21  100.00    0.00    0.00    0.00    0.00    0.00    0.00    0.00    0.00    0.00
08:41:03 PM   22  100.00    0.00    0.00    0.00    0.00    0.00    0.00    0.00    0.00    0.00
08:41:03 PM   23  100.00    0.00    0.00    0.00    0.00    0.00    0.00    0.00    0.00    0.00
08:41:03 PM   24  100.00    0.00    0.00    0.00    0.00    0.00    0.00    0.00    0.00    0.00
08:41:03 PM   25   99.00    0.00    1.00    0.00    0.00    0.00    0.00    0.00    0.00    0.00
08:41:03 PM   26  100.00    0.00    0.00    0.00    0.00    0.00    0.00    0.00    0.00    0.00
08:41:03 PM   27  100.00    0.00    0.00    0.00    0.00    0.00    0.00    0.00    0.00    0.00
08:41:03 PM   28  100.00    0.00    0.00    0.00    0.00    0.00    0.00    0.00    0.00    0.00
08:41:03 PM   29  100.00    0.00    0.00    0.00    0.00    0.00    0.00    0.00    0.00    0.00
08:41:03 PM   30   99.01    0.00    0.99    0.00    0.00    0.00    0.00    0.00    0.00    0.00
08:41:03 PM   31  100.00    0.00    0.00    0.00    0.00    0.00    0.00    0.00    0.00    0.00

08:41:03 PM  CPU    %usr   %nice    %sys %iowait    %irq   %soft  %steal  %guest  %gnice   %idle
08:41:04 PM  all   97.66    0.00    0.09    0.00    0.00    0.00    0.00    0.00    0.00    2.25
08:41:04 PM    0   82.00    0.00    0.00    0.00    0.00    0.00    0.00    0.00    0.00   18.00
08:41:04 PM    1  100.00    0.00    0.00    0.00    0.00    0.00    0.00    0.00    0.00    0.00
08:41:04 PM    2   93.00    0.00    0.00    0.00    0.00    0.00    0.00    0.00    0.00    7.00
08:41:04 PM    3   56.57    0.00    2.02    0.00    0.00    0.00    0.00    0.00    0.00   41.41
08:41:04 PM    4   97.00    0.00    0.00    0.00    0.00    0.00    0.00    0.00    0.00    3.00
08:41:04 PM    5  100.00    0.00    0.00    0.00    0.00    0.00    0.00    0.00    0.00    0.00
08:41:04 PM    6  100.00    0.00    0.00    0.00    0.00    0.00    0.00    0.00    0.00    0.00
08:41:04 PM    7  100.00    0.00    0.00    0.00    0.00    0.00    0.00    0.00    0.00    0.00
08:41:04 PM    8  100.00    0.00    0.00    0.00    0.00    0.00    0.00    0.00    0.00    0.00
08:41:04 PM    9  100.00    0.00    0.00    0.00    0.00    0.00    0.00    0.00    0.00    0.00
08:41:04 PM   10  100.00    0.00    0.00    0.00    0.00    0.00    0.00    0.00    0.00    0.00
08:41:04 PM   11  100.00    0.00    0.00    0.00    0.00    0.00    0.00    0.00    0.00    0.00
08:41:04 PM   12  100.00    0.00    0.00    0.00    0.00    0.00    0.00    0.00    0.00    0.00
08:41:04 PM   13  100.00    0.00    0.00    0.00    0.00    0.00    0.00    0.00    0.00    0.00
08:41:04 PM   14  100.00    0.00    0.00    0.00    0.00    0.00    0.00    0.00    0.00    0.00
08:41:04 PM   15   98.00    0.00    0.00    0.00    0.00    0.00    0.00    0.00    0.00    2.00
08:41:04 PM   16  100.00    0.00    0.00    0.00    0.00    0.00    0.00    0.00    0.00    0.00
08:41:04 PM   17  100.00    0.00    0.00    0.00    0.00    0.00    0.00    0.00    0.00    0.00
08:41:04 PM   18   98.04    0.00    0.98    0.00    0.00    0.00    0.00    0.00    0.00    0.98
08:41:04 PM   19  100.00    0.00    0.00    0.00    0.00    0.00    0.00    0.00    0.00    0.00
08:41:04 PM   20  100.00    0.00    0.00    0.00    0.00    0.00    0.00    0.00    0.00    0.00
08:41:04 PM   21  100.00    0.00    0.00    0.00    0.00    0.00    0.00    0.00    0.00    0.00
08:41:04 PM   22  100.00    0.00    0.00    0.00    0.00    0.00    0.00    0.00    0.00    0.00
08:41:04 PM   23  100.00    0.00    0.00    0.00    0.00    0.00    0.00    0.00    0.00    0.00
08:41:04 PM   24  100.00    0.00    0.00    0.00    0.00    0.00    0.00    0.00    0.00    0.00
08:41:04 PM   25  100.00    0.00    0.00    0.00    0.00    0.00    0.00    0.00    0.00    0.00
08:41:04 PM   26  100.00    0.00    0.00    0.00    0.00    0.00    0.00    0.00    0.00    0.00
08:41:04 PM   27  100.00    0.00    0.00    0.00    0.00    0.00    0.00    0.00    0.00    0.00
08:41:04 PM   28  100.00    0.00    0.00    0.00    0.00    0.00    0.00    0.00    0.00    0.00
08:41:04 PM   29  100.00    0.00    0.00    0.00    0.00    0.00    0.00    0.00    0.00    0.00
08:41:04 PM   30  100.00    0.00    0.00    0.00    0.00    0.00    0.00    0.00    0.00    0.00
08:41:04 PM   31  100.00    0.00    0.00    0.00    0.00    0.00    0.00    0.00    0.00    0.00

Average:     CPU    %usr   %nice    %sys %iowait    %irq   %soft  %steal  %guest  %gnice   %idle
Average:     all   99.66    0.00    0.05    0.00    0.00    0.00    0.00    0.00    0.00    0.30
Average:       0   98.00    0.00    0.05    0.00    0.00    0.00    0.00    0.00    0.00    1.95
Average:       1   99.95    0.00    0.05    0.00    0.00    0.00    0.00    0.00    0.00    0.00
Average:       2   98.95    0.00    0.00    0.00    0.00    0.00    0.00    0.00    0.00    1.05
Average:       3   97.65    0.00    0.30    0.00    0.00    0.00    0.00    0.00    0.00    2.05
Average:       4   99.35    0.00    0.00    0.00    0.00    0.00    0.00    0.00    0.00    0.65
Average:       5   99.95    0.00    0.05    0.00    0.00    0.00    0.00    0.00    0.00    0.00
Average:       6  100.00    0.00    0.00    0.00    0.00    0.00    0.00    0.00    0.00    0.00
Average:       7   99.95    0.00    0.05    0.00    0.00    0.00    0.00    0.00    0.00    0.00
Average:       8  100.00    0.00    0.00    0.00    0.00    0.00    0.00    0.00    0.00    0.00
Average:       9   99.95    0.00    0.00    0.00    0.00    0.00    0.00    0.00    0.00    0.05
Average:      10   99.85    0.00    0.10    0.00    0.00    0.00    0.00    0.00    0.00    0.05
Average:      11  100.00    0.00    0.00    0.00    0.00    0.00    0.00    0.00    0.00    0.00
Average:      12  100.00    0.00    0.00    0.00    0.00    0.00    0.00    0.00    0.00    0.00
Average:      13   99.95    0.00    0.05    0.00    0.00    0.00    0.00    0.00    0.00    0.00
Average:      14   99.95    0.00    0.05    0.00    0.00    0.00    0.00    0.00    0.00    0.00
Average:      15   96.45    0.00    0.00    0.00    0.00    0.00    0.00    0.00    0.00    3.55
Average:      16   99.90    0.00    0.10    0.00    0.00    0.00    0.00    0.00    0.00    0.00
Average:      17   99.95    0.00    0.05    0.00    0.00    0.00    0.00    0.00    0.00    0.00
Average:      18   99.90    0.00    0.05    0.00    0.00    0.00    0.00    0.00    0.00    0.05
Average:      19  100.00    0.00    0.00    0.00    0.00    0.00    0.00    0.00    0.00    0.00
Average:      20  100.00    0.00    0.00    0.00    0.00    0.00    0.00    0.00    0.00    0.00
Average:      21  100.00    0.00    0.00    0.00    0.00    0.00    0.00    0.00    0.00    0.00
Average:      22   99.95    0.00    0.05    0.00    0.00    0.00    0.00    0.00    0.00    0.00
Average:      23   99.90    0.00    0.10    0.00    0.00    0.00    0.00    0.00    0.00    0.00
Average:      24   99.85    0.00    0.15    0.00    0.00    0.00    0.00    0.00    0.00    0.00
Average:      25   99.95    0.00    0.05    0.00    0.00    0.00    0.00    0.00    0.00    0.00
Average:      26   99.85    0.00    0.10    0.00    0.00    0.00    0.00    0.00    0.00    0.05
Average:      27  100.00    0.00    0.00    0.00    0.00    0.00    0.00    0.00    0.00    0.00
Average:      28   99.90    0.00    0.10    0.00    0.00    0.00    0.00    0.00    0.00    0.00
Average:      29  100.00    0.00    0.00    0.00    0.00    0.00    0.00    0.00    0.00    0.00
Average:      30   99.90    0.00    0.10    0.00    0.00    0.00    0.00    0.00    0.00    0.00
Average:      31  100.00    0.00    0.00    0.00    0.00    0.00    0.00    0.00    0.00    0.00
